[gd_scene load_steps=3 format=3 uid="uid://44t371xrxr42"]

[ext_resource type="Animation" uid="uid://ckwruhx4hcpgy" path="res://perosnaje/caminar_izda.res" id="1_r70ui"]

[sub_resource type="AnimationLibrary" id="AnimationLibrary_a5ig1"]
_data = {
&"caminar_izda": ExtResource("1_r70ui")
}

[node name="Node3D" type="Node3D"]

[node name="Ch07_nonPBR_Left Strafe Walk" type="Node3D" parent="."]

[node name="Skeleton3D" type="Skeleton3D" parent="Ch07_nonPBR_Left Strafe Walk"]
bones/0/name = "mixamorig8_Hips"
bones/0/parent = -1
bones/0/rest = Transform3D(1, 0, 0, 0, 1, 0, 0, 0, 1, 0, 0.9971505, 0)
bones/0/enabled = true
bones/0/position = Vector3(-0.00063840405, 0.9652528, -0.00080210716)
bones/0/rotation = Quaternion(-0.029078625, 0.68670356, -0.047297265, 0.7248142)
bones/0/scale = Vector3(1, 1, 1)
bones/1/name = "mixamorig8_Spine"
bones/1/parent = 0
bones/1/rest = Transform3D(1, 0, 0, 0, 0.999449, 0.03319181, 0, -0.03319181, 0.999449, 0, 0.091247, -0.00303)
bones/1/enabled = true
bones/1/position = Vector3(0, 0.091247, -0.00303)
bones/1/rotation = Quaternion(0.021982905, -0.10271341, 0.04296429, 0.9935395)
bones/1/scale = Vector3(1, 1, 1)
bones/2/name = "mixamorig8_Spine1"
bones/2/parent = 1
bones/2/rest = Transform3D(1, 0, 0, 0, 1, 0, 0, 0, 1, 0, 0.106514, 0)
bones/2/enabled = true
bones/2/position = Vector3(0, 0.106514, 0)
bones/2/rotation = Quaternion(0.0133866565, -0.14644165, 0.015963381, 0.9889999)
bones/2/scale = Vector3(1, 1, 1)
bones/3/name = "mixamorig8_Spine2"
bones/3/parent = 2
bones/3/rest = Transform3D(1, 0, 0, 0, 1, 0, 0, 0, 1, 0, 0.12173, 0)
bones/3/enabled = true
bones/3/position = Vector3(0, 0.12173, 0)
bones/3/rotation = Quaternion(0.011549846, -0.14627434, 0.01877936, 0.98899835)
bones/3/scale = Vector3(1, 1, 1)
bones/4/name = "mixamorig8_Neck"
bones/4/parent = 3
bones/4/rest = Transform3D(1, 0, 0, 0, 0.999449, -0.03319181, 0, 0.03319181, 0.999449, 0, 0.136946, 0)
bones/4/enabled = true
bones/4/position = Vector3(0, 0.136946, 0)
bones/4/rotation = Quaternion(0.04668186, -0.04676691, 0.008214673, 0.9977807)
bones/4/scale = Vector3(1, 1, 1)
bones/5/name = "mixamorig8_Head"
bones/5/parent = 4
bones/5/rest = Transform3D(1, 0, 0, 0, 1, 0, 0, 0, 1, 0, 0.090163, 0.012731)
bones/5/enabled = true
bones/5/position = Vector3(0, 0.090163, 0.012731)
bones/5/rotation = Quaternion(0.029919634, -0.04660937, 0.0060284305, 0.9984468)
bones/5/scale = Vector3(1, 1, 1)
bones/6/name = "mixamorig8_HeadTop_End"
bones/6/parent = 5
bones/6/rest = Transform3D(1, 0, 0, 0, 1, 0, 0, 0, 1, 0, 0.207803, 0.029343)
bones/6/enabled = true
bones/6/position = Vector3(0, 0.207803, 0.029343)
bones/6/rotation = Quaternion(0, 0, 0, 1)
bones/6/scale = Vector3(1, 1, 1)
bones/7/name = "mixamorig8_LeftShoulder"
bones/7/parent = 3
bones/7/rest = Transform3D(-0.008235335, 0.9628196, -0.2700198, -8.869171e-05, -0.27002966, -0.962852, -0.99996614, -0.007905483, 0.0023092031, 0.060652, 0.119482, -0.000512)
bones/7/enabled = true
bones/7/position = Vector3(0.060652, 0.119482, -0.000512)
bones/7/rotation = Quaternion(-0.7170671, -0.28866386, 0.484748, -0.40927672)
bones/7/scale = Vector3(1, 1, 0.99999994)
bones/8/name = "mixamorig8_LeftArm"
bones/8/parent = 7
bones/8/rest = Transform3D(0.9998281, -0.008235332, 0.016612343, 0.0034423477, 0.9628196, 0.2701234, -0.018219244, -0.2700198, 0.96268237, 0, 0.127396, 0)
bones/8/enabled = true
bones/8/position = Vector3(0, 0.127396, 0)
bones/8/rotation = Quaternion(0.3829965, 0.028287943, 0.05158236, 0.92187464)
bones/8/scale = Vector3(1, 1, 0.99999994)
bones/9/name = "mixamorig8_LeftForeArm"
bones/9/parent = 8
bones/9/rest = Transform3D(0.9999691, 5.3729662e-17, -0.007857584, -5.7291787e-17, 1, -4.5311043e-16, 0.007857584, 4.5354665e-16, 0.9999691, 0, 0.22402, 0)
bones/9/enabled = true
bones/9/position = Vector3(0, 0.22402, 0)
bones/9/rotation = Quaternion(0.0039157416, -0.0038571546, 0.19003639, 0.9817617)
bones/9/scale = Vector3(1, 1, 1)
bones/10/name = "mixamorig8_LeftHand"
bones/10/parent = 9
bones/10/rest = Transform3D(0.99514556, 0.09474712, 0.026614392, -0.09437724, 0.99542606, -0.014828522, -0.02789762, 0.012244744, 0.9995358, 0, 0.249136, 0)
bones/10/enabled = true
bones/10/position = Vector3(0, 0.249136, 0)
bones/10/rotation = Quaternion(-0.16330075, 0.11984753, 0.19041154, 0.9605795)
bones/10/scale = Vector3(1, 0.99999994, 1)
bones/11/name = "mixamorig8_LeftHandThumb1"
bones/11/parent = 10
bones/11/rest = Transform3D(0.9014068, -0.35337228, 0.25018746, 0.42501575, 0.83243823, -0.3555394, -0.08262783, 0.42681924, 0.90055424, -0.028069, 0.028744, 0.011982)
bones/11/enabled = true
bones/11/position = Vector3(-0.028069, 0.028744, 0.011982)
bones/11/rotation = Quaternion(0.20684746, 0.14768359, 0.1808392, 0.9501058)
bones/11/scale = Vector3(1, 1, 1)
bones/12/name = "mixamorig8_LeftHandThumb2"
bones/12/parent = 11
bones/12/rest = Transform3D(0.9727274, -0.23183797, -0.0072493376, 0.23183383, 0.97275436, -0.0014183295, 0.0073806476, -0.00030099356, 0.9999727, -0.00644, 0.032916, 0)
bones/12/enabled = true
bones/12/position = Vector3(-0.00644, 0.032916, 0)
bones/12/rotation = Quaternion(-0.067438945, -0.026513003, -0.05553998, 0.9958235)
bones/12/scale = Vector3(1, 1, 0.99999994)
bones/13/name = "mixamorig8_LeftHandThumb3"
bones/13/parent = 12
bones/13/rest = Transform3D(0.9853934, -0.16888672, -0.021841593, 0.16894615, 0.9856249, 0.00089073216, 0.021377183, -0.0045677745, 0.99976104, 0.001265, 0.031019, 0)
bones/13/enabled = true
bones/13/position = Vector3(0.001265, 0.031019, 0)
bones/13/rotation = Quaternion(0.001211056, -0.03888127, -0.024955124, 0.99893147)
bones/13/scale = Vector3(0.99999994, 1, 1)
bones/14/name = "mixamorig8_LeftHandThumb4"
bones/14/parent = 13
bones/14/rest = Transform3D(1, 0, 0, 0, 1, 0, 0, 0, 1, 0.005175, 0.024219, 0)
bones/14/enabled = true
bones/14/position = Vector3(0.005175, 0.024219, 0)
bones/14/rotation = Quaternion(0, 0, 0, 1)
bones/14/scale = Vector3(1, 1, 1)
bones/15/name = "mixamorig8_LeftHandIndex1"
bones/15/parent = 10
bones/15/rest = Transform3D(0.9953988, -0.095807865, -0.0014427039, 0.09581873, 0.9952894, 0.014758238, 2.1952728e-05, -0.014828569, 0.99989, -0.033214, 0.08979, 0.001316)
bones/15/enabled = true
bones/15/position = Vector3(-0.033214, 0.08979, 0.001316)
bones/15/rotation = Quaternion(0.13592288, 0.00012280227, 0.026596624, 0.99036235)
bones/15/scale = Vector3(1, 1, 0.99999994)
bones/16/name = "mixamorig8_LeftHandIndex2"
bones/16/parent = 15
bones/16/rest = Transform3D(0.9999983, 0.0018597997, 8.13003e-05, -0.0018597997, 0.9999983, -1.168381e-07, -8.130037e-05, -3.436437e-08, 1, 4.3e-05, 0.029921, 0)
bones/16/enabled = true
bones/16/position = Vector3(4.3e-05, 0.029921, 0)
bones/16/rotation = Quaternion(0.07300797, -0.00034270092, -0.015046072, 0.9972179)
bones/16/scale = Vector3(1, 1, 1)
bones/17/name = "mixamorig8_LeftHandIndex3"
bones/17/parent = 16
bones/17/rest = Transform3D(0.99999964, 0.00081830804, -5.6169447e-05, -0.00081830804, 0.99999964, -2.3741936e-08, 5.616941e-05, 6.9705834e-08, 1, -1.2e-05, 0.02839, 0)
bones/17/enabled = true
bones/17/position = Vector3(-1.2e-05, 0.02839, 0)
bones/17/rotation = Quaternion(0.08239015, -0.00027875594, -0.0067280303, 0.99657744)
bones/17/scale = Vector3(0.99999994, 0.99999994, 1)
bones/18/name = "mixamorig8_LeftHandIndex4"
bones/18/parent = 17
bones/18/rest = Transform3D(1, 0, 0, 0, 1, 0, 0, 0, 1, -3.1e-05, 0.02498, 0)
bones/18/enabled = true
bones/18/position = Vector3(-3.1e-05, 0.02498, 0)
bones/18/rotation = Quaternion(0, 0, 0, 1)
bones/18/scale = Vector3(1, 1, 1)
bones/19/name = "mixamorig8_LeftHandMiddle1"
bones/19/parent = 10
bones/19/rest = Transform3D(0.99541634, -0.09563571, -0.00037333992, 0.095630676, 0.99530596, 0.014859615, -0.0010495225, -0.014827207, 0.9998895, -0.008624, 0.09096, -0.001355)
bones/19/enabled = true
bones/19/position = Vector3(-0.008624, 0.09096, -0.001355)
bones/19/rotation = Quaternion(0.2494447, -0.00072637456, -0.017754406, 0.9682261)
bones/19/scale = Vector3(0.99999994, 1, 0.99999994)
bones/20/name = "mixamorig8_LeftHandMiddle2"
bones/20/parent = 19
bones/20/rest = Transform3D(0.99999744, 0.0022506984, 3.350682e-05, -0.0022506984, 0.9999975, -4.2358767e-08, -3.350683e-05, -3.3055077e-08, 1, 4.1e-05, 0.032432, 0)
bones/20/enabled = true
bones/20/position = Vector3(4.1e-05, 0.032432, 0)
bones/20/rotation = Quaternion(0.14004916, -0.0009838028, -0.021826249, 0.9899035)
bones/20/scale = Vector3(0.99999994, 1, 1)
bones/21/name = "mixamorig8_LeftHandMiddle3"
bones/21/parent = 20
bones/21/rest = Transform3D(0.9999998, -0.00057502545, 4.124527e-05, 0.00057502545, 0.9999998, 4.068918e-08, -4.1245283e-05, -1.6972097e-08, 1, -3e-05, 0.03041, 0)
bones/21/enabled = true
bones/21/position = Vector3(-3e-05, 0.03041, 0)
bones/21/rotation = Quaternion(0.09094532, 0.00016848007, -0.010918142, 0.9957961)
bones/21/scale = Vector3(1, 1, 1)
bones/22/name = "mixamorig8_LeftHandMiddle4"
bones/22/parent = 21
bones/22/rest = Transform3D(1, 0, 0, 0, 1, 0, 0, 0, 1, -1.1e-05, 0.026732, 0)
bones/22/enabled = true
bones/22/position = Vector3(-1.1e-05, 0.026732, 0)
bones/22/rotation = Quaternion(0, 0, 0, 1)
bones/22/scale = Vector3(1, 1, 1)
bones/23/name = "mixamorig8_LeftHandRing1"
bones/23/parent = 10
bones/23/rest = Transform3D(0.9956005, -0.09369349, -0.0010806199, 0.09369921, 0.9954907, 0.014792566, -0.00031022003, -0.014828739, 0.99989, 0.011622, 0.089244, -0.001404)
bones/23/enabled = true
bones/23/position = Vector3(0.011622, 0.089244, -0.001404)
bones/23/rotation = Quaternion(0.31865257, 0.0129029965, -0.07281639, 0.94498247)
bones/23/scale = Vector3(1, 1, 1)
bones/24/name = "mixamorig8_LeftHandRing2"
bones/24/parent = 23
bones/24/rest = Transform3D(0.99999946, -0.0010504625, -3.9376653e-05, 0.0010504625, 0.99999946, -2.7044411e-08, 3.937666e-05, -1.4319298e-08, 1, -1.9e-05, 0.027664, 0)
bones/24/enabled = true
bones/24/position = Vector3(-1.9e-05, 0.027664, 0)
bones/24/rotation = Quaternion(0.16498576, 0.0011485842, -0.018459206, 0.98612255)
bones/24/scale = Vector3(1, 1, 1)
bones/25/name = "mixamorig8_LeftHandRing3"
bones/25/parent = 24
bones/25/rest = Transform3D(1, -7.5303515e-06, 3.6507213e-06, 7.5303515e-06, 1, -1.3275792e-09, -3.6507213e-06, 1.3550703e-09, 1, 1e-05, 0.027499, 0)
bones/25/enabled = true
bones/25/position = Vector3(1e-05, 0.027499, 0)
bones/25/rotation = Quaternion(0.13423675, 0.0016233276, -0.012918141, 0.99086386)
bones/25/scale = Vector3(1, 1, 1)
bones/26/name = "mixamorig8_LeftHandRing4"
bones/26/parent = 25
bones/26/rest = Transform3D(1, 0, 0, 0, 1, 0, 0, 0, 1, 9e-06, 0.024247, 0)
bones/26/enabled = true
bones/26/position = Vector3(9e-06, 0.024247, 0)
bones/26/rotation = Quaternion(0, 0, 0, 1)
bones/26/scale = Vector3(1, 1, 1)
bones/27/name = "mixamorig8_LeftHandPinky1"
bones/27/parent = 10
bones/27/rest = Transform3D(0.9956267, -0.09341723, 0.0008408686, 0.09339425, 0.9955166, 0.014974707, -0.0022359942, -0.014830685, 0.9998875, 0.030216, 0.084092, 0.001807)
bones/27/enabled = true
bones/27/position = Vector3(0.030216, 0.084092, 0.001807)
bones/27/rotation = Quaternion(0.36604288, 0.018901398, -0.10198032, 0.9248002)
bones/27/scale = Vector3(1, 1, 1)
bones/28/name = "mixamorig8_LeftHandPinky2"
bones/28/parent = 27
bones/28/rest = Transform3D(0.99999964, -0.0008709888, -9.326968e-05, 0.0008709888, 0.99999964, -8.993822e-08, 9.326972e-05, 8.701342e-09, 1, -2.4e-05, 0.024889, 0)
bones/28/enabled = true
bones/28/position = Vector3(-2.4e-05, 0.024889, 0)
bones/28/rotation = Quaternion(0.23005258, -0.0015378988, -0.020169878, 0.972968)
bones/28/scale = Vector3(1, 1, 1)
bones/29/name = "mixamorig8_LeftHandPinky3"
bones/29/parent = 28
bones/29/rest = Transform3D(0.9999989, -0.001477153, 0.00015282774, 0.001477153, 0.9999989, 1.4257651e-08, -0.00015282759, 2.114923e-07, 1, -2e-06, 0.021438, 0)
bones/29/enabled = true
bones/29/position = Vector3(-2e-06, 0.021438, 0)
bones/29/rotation = Quaternion(0.108133, -0.00017811403, -0.01710277, 0.99398935)
bones/29/scale = Vector3(1, 1, 1)
bones/30/name = "mixamorig8_LeftHandPinky4"
bones/30/parent = 29
bones/30/rest = Transform3D(1, 0, 0, 0, 1, 0, 0, 0, 1, 2.6e-05, 0.018788, 0)
bones/30/enabled = true
bones/30/position = Vector3(2.6e-05, 0.018788, 0)
bones/30/rotation = Quaternion(0, 0, 0, 1)
bones/30/scale = Vector3(1, 1, 1)
bones/31/name = "mixamorig8_RightShoulder"
bones/31/parent = 3
bones/31/rest = Transform3D(-0.010443211, -0.96281844, 0.26994747, 0.00010365248, -0.26996326, -0.96287066, 0.99994546, -0.010027409, 0.0029190779, -0.060652, 0.119487, -0.000647)
bones/31/enabled = true
bones/31/position = Vector3(-0.060652, 0.119487, -0.000647)
bones/31/rotation = Quaternion(0.6041342, -0.39519286, 0.60861176, 0.32929668)
bones/31/scale = Vector3(1, 1, 1)
bones/32/name = "mixamorig8_RightArm"
bones/32/parent = 31
bones/32/rest = Transform3D(0.99983627, 0.010443177, -0.014779436, -0.006064227, 0.96281844, 0.27008134, 0.01705042, -0.26994747, 0.9627241, 0, 0.127396, 0)
bones/32/enabled = true
bones/32/position = Vector3(0, 0.127396, 0)
bones/32/rotation = Quaternion(0.41123575, -0.13711251, -0.02286975, 0.9008675)
bones/32/scale = Vector3(1, 1, 1)
bones/33/name = "mixamorig8_RightForeArm"
bones/33/parent = 32
bones/33/rest = Transform3D(0.9999722, -1.0315107e-17, 0.0074552777, 1.744028e-17, 1, -9.556568e-16, -0.0074552777, 9.557603e-16, 0.9999722, 0, 0.223932, 0)
bones/33/enabled = true
bones/33/position = Vector3(0, 0.223932, 0)
bones/33/rotation = Quaternion(0.003339856, 0.0036854371, -0.15009624, 0.9886589)
bones/33/scale = Vector3(1, 1, 1)
bones/34/name = "mixamorig8_RightHand"
bones/34/parent = 33
bones/34/rest = Transform3D(0.9937792, -0.10654347, -0.03242607, 0.1058608, 0.9941355, -0.022092879, 0.034589756, 0.018522795, 0.9992299, 0, 0.249127, 0)
bones/34/enabled = true
bones/34/position = Vector3(0, 0.249127, 0)
bones/34/rotation = Quaternion(0.15899113, -0.36050883, 0.11087012, 0.91239417)
bones/34/scale = Vector3(1, 1, 0.99999994)
bones/35/name = "mixamorig8_RightHandThumb1"
bones/35/parent = 34
bones/35/rest = Transform3D(0.9019681, 0.35613057, -0.2441813, -0.42450765, 0.83484036, -0.35047805, 0.07903645, 0.41977686, 0.9041795, 0.027854, 0.02831, 0.011975)
bones/35/enabled = true
bones/35/position = Vector3(0.027854, 0.02831, 0.011975)
bones/35/rotation = Quaternion(0.20283501, -0.14502557, -0.18099485, 0.9513498)
bones/35/scale = Vector3(0.99999994, 1, 1)
bones/36/name = "mixamorig8_RightHandThumb2"
bones/36/parent = 35
bones/36/rest = Transform3D(0.9722925, 0.23363565, 0.007855567, -0.2336302, 0.9723242, -0.0016163558, -0.008015796, -0.00026372704, 0.9999678, 0.006688, 0.032504, 0)
bones/36/enabled = true
bones/36/position = Vector3(0.006688, 0.032504, 0)
bones/36/rotation = Quaternion(-0.06838937, 0.027518228, 0.05412699, 0.9958092)
bones/36/scale = Vector3(1, 1, 0.99999994)
bones/37/name = "mixamorig8_RightHandThumb3"
bones/37/parent = 36
bones/37/rest = Transform3D(0.9805481, 0.19550826, 0.01737634, -0.19554748, 0.98069406, 0.0005716975, -0.016929101, -0.0039584767, 0.99984884, -0.001017, 0.030911, 0)
bones/37/enabled = true
bones/37/position = Vector3(-0.001017, 0.030911, 0)
bones/37/rotation = Quaternion(0.0059452467, 0.03820399, 0.0027668667, 0.9992485)
bones/37/scale = Vector3(0.99999994, 1, 0.99999994)
bones/38/name = "mixamorig8_RightHandThumb4"
bones/38/parent = 37
bones/38/rest = Transform3D(1, 0, 0, 0, 1, 0, 0, 0, 1, -0.005671, 0.024253, 0)
bones/38/enabled = true
bones/38/position = Vector3(-0.005671, 0.024253, 0)
bones/38/rotation = Quaternion(0, 0, 0, 1)
bones/38/scale = Vector3(1, 1, 1)
bones/39/name = "mixamorig8_RightHandIndex1"
bones/39/parent = 34
bones/39/rest = Transform3D(0.9941096, 0.10835708, 0.0022246907, -0.108379774, 0.9938665, 0.021980884, 0.00017073867, -0.02209252, 0.9997559, 0.033289, 0.090394, 0.00136)
bones/39/enabled = true
bones/39/position = Vector3(0.033289, 0.090394, 0.00136)
bones/39/rotation = Quaternion(0.13241741, -0.00066301966, -0.033535372, 0.9906264)
bones/39/scale = Vector3(1, 1, 1)
bones/40/name = "mixamorig8_RightHandIndex2"
bones/40/parent = 39
bones/40/rest = Transform3D(0.99999523, -0.003088469, -0.0001628507, 0.003088469, 0.99999523, -4.0887525e-07, 0.0001628512, -9.408606e-08, 1, -7.6e-05, 0.03027, 0)
bones/40/enabled = true
bones/40/position = Vector3(-7.6e-05, 0.03027, 0)
bones/40/rotation = Quaternion(0.07307144, 0.00033551172, 0.015324878, 0.9972089)
bones/40/scale = Vector3(1, 1, 1)
bones/41/name = "mixamorig8_RightHandIndex3"
bones/41/parent = 40
bones/41/rest = Transform3D(0.99999815, -0.0019176762, 0.0001596189, 0.0019176762, 0.99999815, -9.221861e-08, -0.00015961843, 3.9831582e-07, 1, 1.6e-05, 0.027694, 0)
bones/41/enabled = true
bones/41/position = Vector3(1.6e-05, 0.027694, 0)
bones/41/rotation = Quaternion(0.11429767, 0.0017382503, 0.0012207883, 0.9934444)
bones/41/scale = Vector3(1, 1, 1)
bones/42/name = "mixamorig8_RightHandIndex4"
bones/42/parent = 41
bones/42/rest = Transform3D(1, 0, 0, 0, 1, 0, 0, 0, 1, 6e-05, 0.024044, 0)
bones/42/enabled = true
bones/42/position = Vector3(6e-05, 0.024044, 0)
bones/42/rotation = Quaternion(0, 0, 0, 1)
bones/42/scale = Vector3(1, 1, 1)
bones/43/name = "mixamorig8_RightHandMiddle1"
bones/43/parent = 34
bones/43/rest = Transform3D(0.9942565, 0.106989935, 0.00268417, -0.10702312, 0.9940146, 0.021931957, -0.00032160548, -0.022093259, 0.99975586, 0.009612, 0.090266, -0.002006)
bones/43/enabled = true
bones/43/position = Vector3(0.009612, 0.090266, -0.002006)
bones/43/rotation = Quaternion(0.2462186, 0.00032616506, 0.011177624, 0.9691498)
bones/43/scale = Vector3(1, 1, 1)
bones/44/name = "mixamorig8_RightHandMiddle2"
bones/44/parent = 43
bones/44/rest = Transform3D(0.99999857, -0.0016917867, -5.506009e-05, 0.0016917867, 0.99999857, -6.252604e-08, 5.5060118e-05, -3.0623973e-08, 1, -3.7e-05, 0.032582, 0)
bones/44/enabled = true
bones/44/position = Vector3(-3.7e-05, 0.032582, 0)
bones/44/rotation = Quaternion(0.14011064, 0.0009942153, 0.021128533, 0.9899099)
bones/44/scale = Vector3(1, 1, 1)
bones/45/name = "mixamorig8_RightHandMiddle3"
bones/45/parent = 44
bones/45/rest = Transform3D(1, -0.00017945391, 1.4112609e-05, 0.00017945391, 1, -7.8493105e-09, -1.41126075e-05, 1.0381873e-08, 1, 1.7e-05, 0.030565, 0)
bones/45/enabled = true
bones/45/position = Vector3(1.7e-05, 0.030565, 0)
bones/45/rotation = Quaternion(0.12250247, 8.119692e-05, 0.01260966, 0.9923882)
bones/45/scale = Vector3(1, 1, 1)
bones/46/name = "mixamorig8_RightHandMiddle4"
bones/46/parent = 45
bones/46/rest = Transform3D(1, 0, 0, 0, 1, 0, 0, 0, 1, 2e-05, 0.027187, 0)
bones/46/enabled = true
bones/46/position = Vector3(2e-05, 0.027187, 0)
bones/46/rotation = Quaternion(0, 0, 0, 1)
bones/46/scale = Vector3(1, 1, 1)
bones/47/name = "mixamorig8_RightHandRing1"
bones/47/parent = 34
bones/47/rest = Transform3D(0.9943081, 0.10647739, 0.0037354585, -0.10653382, 0.99406964, 0.02181999, -0.0013899704, -0.022093747, 0.99975497, -0.011413, 0.092016, -0.001445)
bones/47/enabled = true
bones/47/position = Vector3(-0.011413, 0.092016, -0.001445)
bones/47/rotation = Quaternion(0.31564093, -0.013157419, 0.06551394, 0.94652295)
bones/47/scale = Vector3(1, 1, 1)
bones/48/name = "mixamorig8_RightHandRing2"
bones/48/parent = 47
bones/48/rest = Transform3D(0.99999964, -0.00081225083, -4.9043912e-05, 0.00081225083, 0.99999964, -3.0412064e-08, 4.904392e-05, -9.423904e-09, 1, -1.7e-05, 0.027415, 0)
bones/48/enabled = true
bones/48/position = Vector3(-1.7e-05, 0.027415, 0)
bones/48/rotation = Quaternion(0.16503663, -0.0011303413, 0.018933244, 0.9861051)
bones/48/scale = Vector3(0.99999994, 0.99999994, 1)
bones/49/name = "mixamorig8_RightHandRing3"
bones/49/parent = 48
bones/49/rest = Transform3D(0.99999994, -0.000329088, 7.569904e-06, 0.000329088, 0.99999994, -1.4545682e-09, -7.569903e-06, 3.9457326e-09, 1, 5e-06, 0.026021, 0)
bones/49/enabled = true
bones/49/position = Vector3(5e-06, 0.026021, 0)
bones/49/rotation = Quaternion(0.121050596, 0.0010603662, -0.0044225026, 0.99263597)
bones/49/scale = Vector3(1, 1, 1)
bones/50/name = "mixamorig8_RightHandRing4"
bones/50/parent = 49
bones/50/rest = Transform3D(1, 0, 0, 0, 1, 0, 0, 0, 1, 1.2e-05, 0.023022, 0)
bones/50/enabled = true
bones/50/position = Vector3(1.2e-05, 0.023022, 0)
bones/50/rotation = Quaternion(0, 0, 0, 1)
bones/50/scale = Vector3(1, 1, 1)
bones/51/name = "mixamorig8_RightHandPinky1"
bones/51/parent = 34
bones/51/rest = Transform3D(0.99427676, 0.10682907, -0.0011327235, -0.10677732, 0.99403197, 0.022338267, 0.0035123397, -0.02208947, 0.99974984, -0.031488, 0.083545, 0.001927)
bones/51/enabled = true
bones/51/position = Vector3(-0.031488, 0.083545, 0.001927)
bones/51/rotation = Quaternion(0.363327, -0.020585906, 0.09381348, 0.9266978)
bones/51/scale = Vector3(1, 0.99999994, 1)
bones/52/name = "mixamorig8_RightHandPinky2"
bones/52/parent = 51
bones/52/rest = Transform3D(0.9999988, -0.0015364253, -4.5274224e-05, 0.0015364253, 0.9999988, -4.4087386e-08, 4.527424e-05, -2.5473135e-08, 1, -2.5e-05, 0.025673, 0)
bones/52/enabled = true
bones/52/position = Vector3(-2.5e-05, 0.025673, 0)
bones/52/rotation = Quaternion(0.23016497, 0.0016397263, 0.020032998, 0.97294414)
bones/52/scale = Vector3(1, 1, 1)
bones/53/name = "mixamorig8_RightHandPinky3"
bones/53/parent = 52
bones/53/rest = Transform3D(1, -0.00014526605, 1.4646278e-05, 0.00014526605, 1, -8.240594e-09, -1.4646276e-05, 1.03682005e-08, 1, 1.2e-05, 0.021328, 0)
bones/53/enabled = true
bones/53/position = Vector3(1.2e-05, 0.021328, 0)
bones/53/rotation = Quaternion(0.122050166, 0.004669584, -0.007562616, 0.99248415)
bones/53/scale = Vector3(1, 1, 1)
bones/54/name = "mixamorig8_RightHandPinky4"
bones/54/parent = 53
bones/54/rest = Transform3D(1, 0, 0, 0, 1, 0, 0, 0, 1, 1.3e-05, 0.018364, 0)
bones/54/enabled = true
bones/54/position = Vector3(1.3e-05, 0.018364, 0)
bones/54/rotation = Quaternion(0, 0, 0, 1)
bones/54/scale = Vector3(1, 1, 1)
bones/55/name = "mixamorig8_LeftUpLeg"
bones/55/parent = 0
bones/55/rest = Transform3D(-0.99993336, -0.011202843, -0.002768147, 0.011310297, -0.9990344, -0.042453893, -0.00228987, -0.042482376, 0.9990946, 0.098109, -0.05072, -1e-06)
bones/55/enabled = true
bones/55/position = Vector3(0.098109, -0.05072, -1e-06)
bones/55/rotation = Quaternion(0.042585764, 0.09475335, 0.9934057, -0.0485136)
bones/55/scale = Vector3(0.99999994, 1, 1)
bones/56/name = "mixamorig8_LeftLeg"
bones/56/parent = 55
bones/56/rest = Transform3D(0.99993646, -0.011237068, -0.0009190376, 0.011274587, 0.99660885, 0.08150889, 2.910383e-11, -0.081514075, 0.9966722, 0, 0.448572, 0)
bones/56/enabled = true
bones/56/position = Vector3(0, 0.448572, 0)
bones/56/rotation = Quaternion(-0.551434, -0.054388523, 0.083071135, 0.8282884)
bones/56/scale = Vector3(1, 1, 1)
bones/57/name = "mixamorig8_LeftFoot"
bones/57/parent = 56
bones/57/rest = Transform3D(0.9966445, -0.07170968, 0.03946491, 0.064494684, 0.39110827, -0.91808206, 0.050400313, 0.9175467, 0.3944208, -0.004919, 0.353128, -0.000502)
bones/57/enabled = true
bones/57/position = Vector3(-0.004919, 0.353128, -0.000502)
bones/57/rotation = Quaternion(0.45814002, -0.0677453, 0.021940224, 0.8860231)
bones/57/scale = Vector3(1, 0.99999994, 0.99999994)
bones/58/name = "mixamorig8_LeftToeBase"
bones/58/parent = 57
bones/58/rest = Transform3D(0.9850309, -0.08949727, -0.14732397, 3.7252903e-09, 0.85465735, -0.51919246, 0.17237782, 0.5114206, 0.84186393, 0.004936, 0.165039, -0.069403)
bones/58/enabled = true
bones/58/position = Vector3(0.004936, 0.165039, -0.069403)
bones/58/rotation = Quaternion(0.29075482, -0.08511811, 0.022728592, 0.952733)
bones/58/scale = Vector3(0.99999994, 1, 1)
bones/59/name = "mixamorig8_LeftToe_End"
bones/59/parent = 58
bones/59/rest = Transform3D(1, 0, 0, 0, 1, 0, 0, 0, 1, 0, 0.050043, 0)
bones/59/enabled = true
bones/59/position = Vector3(0, 0.050043, 0)
bones/59/rotation = Quaternion(0, 0, 0, 1)
bones/59/scale = Vector3(1, 1, 1)
bones/60/name = "mixamorig8_RightUpLeg"
bones/60/parent = 0
bones/60/rest = Transform3D(-0.999933, 0.0112018315, 0.002969135, -0.011325478, -0.99889827, -0.045544997, 0.002455676, -0.045575567, 0.9989579, -0.098109, -0.05072, 0.001503)
bones/60/enabled = true
bones/60/position = Vector3(-0.098109, -0.05072, 0.001503)
bones/60/rotation = Quaternion(0.011372276, 0.12902415, 0.98231554, -0.13520281)
bones/60/scale = Vector3(1.0000001, 1.0000001, 1)
bones/61/name = "mixamorig8_RightLeg"
bones/61/parent = 60
bones/61/rest = Transform3D(0.99993414, 0.01147848, 8.274072e-05, -0.011478778, 0.99990815, 0.0072076726, -3.637979e-12, -0.0072081476, 0.999974, 0, 0.448633, 0)
bones/61/enabled = true
bones/61/position = Vector3(0, 0.448633, 0)
bones/61/rotation = Quaternion(-0.15988366, 0.048082005, -0.03703325, 0.9852685)
bones/61/scale = Vector3(1, 1, 1)
bones/62/name = "mixamorig8_RightFoot"
bones/62/parent = 61
bones/62/rest = Transform3D(0.9960557, 0.08676983, -0.018547643, -0.06486321, 0.569412, -0.81948936, -0.060545694, 0.81746006, 0.5727942, 0.004844, 0.352202, -0.025772)
bones/62/enabled = true
bones/62/position = Vector3(0.004844, 0.352202, -0.025772)
bones/62/rotation = Quaternion(0.47952878, 0.046150062, -0.106509276, 0.86981505)
bones/62/scale = Vector3(1, 1, 1)
bones/63/name = "mixamorig8_RightToeBase"
bones/63/parent = 62
bones/63/rest = Transform3D(0.99308527, 0.07353525, 0.09151074, -3.7252903e-09, 0.7795096, -0.6263903, -0.11739527, 0.6220589, 0.7741195, -0.006309, 0.173855, -0.045921)
bones/63/enabled = true
bones/63/position = Vector3(-0.006309, 0.173855, -0.045921)
bones/63/rotation = Quaternion(0.34516954, 0.056810215, -0.0194049, 0.9366184)
bones/63/scale = Vector3(1, 1, 1)
bones/64/name = "mixamorig8_RightToe_End"
bones/64/parent = 63
bones/64/rest = Transform3D(1, 0, 0, 0, 1, 0, 0, 0, 1, 0, 0.050503, 0)
bones/64/enabled = true
bones/64/position = Vector3(0, 0.050503, 0)
bones/64/rotation = Quaternion(0, 0, 0, 1)
bones/64/scale = Vector3(1, 1, 1)

[node name="AnimationPlayer" type="AnimationPlayer" parent="Ch07_nonPBR_Left Strafe Walk"]
libraries = {
&"": SubResource("AnimationLibrary_a5ig1")
}
